Sun 02-14-2016@23-54-01.13 

Pinging daffodilvarsity.edu.bd [203.190.10.99] with 32 bytes of data:
372,395,411,334,358,366,387,411,330,354,375,399,319,349,368,392,313,335,358,366,388,411,333,357,393,313,337,358,367,390,323,344,368,391,410,330,351,373,410,328,326,370,394,313,337,359,383,405,312,344,366,388,411,315,356,380,403,325,348,372,406,328,350,373,400,325,347,370,310,309,310,310,309,309,311,314,310,310,310,309,315,310,309,309,309,316,316,311,315,311,316,316,326,309,309,309,323,315,309,311,317,310,309,324,313,314,309,310,310,309,314,311,314,310,316,317,309,314,316,317,315,318,316,319,312,315,309,315,317,310,310,309,310,310,310,313,311,311,310,312,311,310,310,309,309,309,311,310,310,312,310,311,311,319,310,311,320,310,322,311,311,310,310,310,309,310,309,309,310,309,320,310,309,310,320,310,312,311,310,311,308,311,310,310,310,310,309,319,309,310,310,309,310,309,310,310,310,310,319,311,310,320,310,309,312,311,310,309,309,310,320,310,310,309,310,310,309,316,312,310,310,309,312,311,321,311,311,312,313,313,313,311,311,320,311,310,311,310,310,314,310,309,309,309,309,310,309,309,310,312,309,309,312,311,309,309,317,309,309,310,310,310,310,313,310,310,309,313,310,311,319,309,310,310,311,309,309,309,310,310,310,309,310,310,314,313,309,310,328,322,328,329,310,313,313,322,348,315,349,363,386,410,311,311,310,310,311,309,310,310,311,311,327,311,311,311,310,317,311,320,312,312,311,312,310,312,318,312,311,313,313,312,312,311,320,317,311,310,312,313,313,311,311,311,311,318,309,310,311,312,311,318,310,311,311,311,309,311,328,314,313,325,347,369,330,406,309,309,328,400,320,344,367,390,312,329,309,309,394,329,339,359,395,317,340,362,309,309,330,352,310,399,322,344,366,387,315,309,349,372,391,318,314,314,387,310,310,310,388,320,341,364,385,309,328,350,316,309,319,338,361,385,402,310,347,309,391,321,333,351,375,398,321,343,367,388,375,332,355,375,398,312,357,387,412,331,355,311,310,310,310,311,310,311,314,320,325,323,314,311,311,311,311,310,310,311,309,310,310,311,310,311,311,311,313,313,319,312,317,311,310,311,319,311,320,310,315,310,310,311,311,312,319,320,310,310,310,311,311,310,310,320,310,311,310,312,310,310,310,311,310,310,311,312,319,313,310,311,312,310,312,312,312,312,312,312,315,316,311,311,311,311,311,311,311,310,310,310,311,313,311,312,319,311,312,312,310,310,311,319,363,386,408,330,312,311,316,320,315,316,315,315,316,358,316,315,320,317,316,316,316,349,315,316,319,316,314,314,409,432,315,316,322,316,316,315,314,315,326,315,314,315,315,321,316,315,314,315,350

Ping statistics for 203.190.10.99:
    Packets: Sent = 600, Received = 599, Lost = 1 (0% loss)

Approximate round trip times in milli-seconds:
    Minimum = 308ms, Maximum = 432ms, Average = 324ms
Sun 02-14-2016@23-54-01.13
