Sun 02-14-2016@23-54-01.13 

Pinging www.fujita-hu.ac.jp [202.236.168.58] with 32 bytes of data:
148,149,148,148,147,146,147,146,166,146,146,146,147,146,152,152,151,153,147,147,146,146,146,147,146,146,147,146,146,146,146,151,150,147,147,157,151,151,162,146,151,148,147,146,151,146,145,147,146,154,147,158,147,147,146,146,146,146,145,146,154,146,146,147,146,154,146,146,146,147,147,147,147,147,152,150,146,145,145,149,148,148,148,149,148,147,148,148,146,146,146,146,146,154,147,146,146,148,147,146,147,147,146,146,147,156,147,146,147,146,155,146,146,146,146,145,155,147,147,146,146,147,146,147,147,146,146,152,148,150,147,155,160,146,146,162,152,146,147,151,145,148,146,146,146,146,146,153,152,147,149,149,148,160,149,146,147,146,146,147,146,147,148,147,147,147,146,148,148,184,206,227,148,168,190,212,146,151,180,147,146,147,156,146,147,155,145,151,152,152,147,146,146,151,148,146,146,147,146,152,147,146,147,146,146,147,146,146,147,147,146,146,147,146,147,147,147,149,147,162,147,147,148,156,151,147,147,147,147,147,146,146,147,146,146,146,147,148,147,147,147,147,147,147,148,147,147,149,147,147,147,147,147,147,148,147,158,147,148,156,147,147,148,152,147,147,148,148,148,147,147,148,148,154,147,147,146,154,147,153,153,157,152,152,148,147,147,153,152,147,157,153,156,154,146,146,157,163,146,159,157,147,280,290,315,152,157,179,155,153,152,146,146,152,147,152,151,163,147,147,147,156,147,147,147,148,152,150,159,149,150,152,152,147,147,153,151,148,152,147,156,147,148,147,147,147,148,148,148,147,148,164,148,146,147,147,148,148,147,147,147,147,156,148,147,157,147,150,149,147,149,147,154,147,158,146,154,154,147,145,149,146,146,146,146,146,146,148,147,146,146,146,147,154,146,146,145,146,146,146,145,146,146,145,145,146,146,150,146,148,148,149,166,145,156,146,146,147,147,146,146,147,146,145,145,146,146,146,146,146,145,146,147,146,148,146,147,148,147,146,148,150,145,147,146,147,146,146,146,146,147,146,146,146,154,146,146,147,147,157,155,147,159,151,146,156,151,146,152,154,157,147,146,147,156,146,149,147,146,146,146,151,146,146,146,150,146,146,146,148,154,146,147,147,146,146,147,147,146,147,145,146,156,146,146,147,150,146,146,146,146,147,147,158,146,146,147,148,147,147,149,158,147,147,146,147,147,149,147,146,145,146,146,146,146,146,156,146,146,145,146,146,145,147,147,146,155,150,148,147,149,149,156,147,146,146,146,145,146,146,147,147,147,147,156,154,148,147,146,147,147,146,146,151,146,146,146,146,148,147,155,148,408,146,145,146,147,149,146,146,147,148,147,148,147,147,147,147,148,145

Ping statistics for 202.236.168.58:
    Packets: Sent = 600, Received = 600, Lost = 0 (0% loss)

Approximate round trip times in milli-seconds:
    Minimum = 145ms, Maximum = 408ms, Average = 150ms
Sun 02-14-2016@23-54-01.13
