Sun 02-14-2016@23-54-01.13 

Pinging www.uni-hamburg.de.edu [185.27.255.9] with 32 bytes of data:
179,183,184,185,188,180,180,180,189,186,180,181,179,180,179,179,179,180,179,180,180,185,184,180,185,180,179,179,179,180,184,185,186,184,184,195,179,179,192,185,180,179,179,179,187,179,190,179,184,184,184,186,185,180,180,183,179,180,179,180,184,183,180,184,179,185,186,181,181,195,187,181,179,179,180,180,179,188,179,179,179,180,189,180,179,184,184,179,179,179,179,181,181,179,182,180,180,180,180,181,180,180,181,181,180,180,185,187,179,179,179,179,179,179,179,179,187,181,179,195,180,179,180,179,179,189,180,186,181,179,178,179,193,185,180,179,187,180,179,188,179,189,184,186,185,185,184,180,182,181,181,180,180,183,180,180,180,181,181,180,181,181,180,180,191,180,187,181,180,187,190,212,181,180,180,197,179,180,179,180,179,183,179,184,184,193,184,179,179,180,185,183,179,180,181,189,179,179,179,179,179,179,179,179,179,179,180,178,190,180,180,181,181,181,186,179,179,179,179,186,180,180,179,180,180,180,185,182,185,185,180,180,181,181,181,180,181,181,187,180,188,181,180,181,180,180,180,180,180,180,180,180,181,181,180,181,180,180,189,180,190,181,184,181,180,182,188,182,180,180,180,181,180,180,183,183,183,182,180,180,181,180,181,180,180,180,180,183,183,180,183,180,180,181,188,189,180,181,179,189,180,180,370,181,184,204,220,242,182,180,182,188,187,180,180,180,180,179,181,180,180,182,180,180,181,180,180,180,182,181,179,185,181,182,183,178,184,180,185,181,179,179,179,179,179,187,179,179,178,179,179,187,180,179,188,179,179,179,179,179,181,187,179,179,179,179,188,179,179,179,181,181,181,180,180,179,180,179,180,180,183,179,179,178,180,189,178,188,179,179,180,179,179,178,179,180,180,180,180,178,188,181,180,179,179,190,179,180,179,187,179,179,179,179,179,180,180,179,178,179,179,179,179,179,186,183,181,185,179,184,178,188,179,187,181,184,185,185,184,180,185,179,184,179,179,179,179,179,185,179,179,186,180,179,179,179,179,183,185,180,180,180,200,184,179,179,178,179,180,179,179,179,179,180,180,180,179,188,179,187,179,204,181,187,179,179,179,179,186,179,179,179,179,179,179,181,194,180,196,179,189,179,180,179,180,179,180,185,180,179,182,180,179,179,179,180,181,181,180,179,180,180,180,180,179,181,180,188,180,190,179,180,181,180,180,180,180,181,180,181,180,181,188,181,200,183,182,190,183,182,182,183,180,179,189,199,182,182,182,182,182,181,179,181,180,179,179,180,181,182,180,181,181,181,180,181,180,182,180,188,180,184,189,182,179,181,180,198,182,180,180,180,179,180,278,199,184,242,269

Ping statistics for 185.27.255.9:
    Packets: Sent = 600, Received = 599, Lost = 1 (0% loss)

Approximate round trip times in milli-seconds:
    Minimum = 178ms, Maximum = 370ms, Average = 182ms
Sun 02-14-2016@23-54-01.13
