Sun 02-14-2016@23-54-01.13 

Pinging www.imi.kiev.ua [5.39.10.93] with 32 bytes of data:
165,162,291,163,163,167,165,174,160,163,163,167,163,171,166,163,163,163,163,163,163,163,164,164,164,172,164,166,163,163,169,163,167,163,173,161,163,163,163,163,161,169,162,161,160,161,161,162,160,160,161,161,161,162,161,161,161,161,160,161,160,161,162,162,160,161,161,161,161,161,162,165,163,171,169,162,160,162,163,160,161,161,160,161,160,166,165,162,166,162,162,161,161,161,169,161,164,162,160,162,163,163,169,162,167,162,162,173,171,170,164,162,160,161,162,162,161,162,162,163,162,164,166,161,162,163,161,163,161,164,167,161,167,161,173,166,168,161,161,161,161,161,160,169,166,161,161,160,163,160,160,161,162,162,160,166,167,166,161,160,160,162,161,179,161,168,169,164,162,161,162,163,162,162,163,168,161,160,161,160,161,161,162,160,161,162,161,163,161,163,161,161,167,161,163,161,160,161,161,161,161,161,161,166,161,161,168,161,161,177,162,167,166,168,161,161,162,163,162,162,162,161,161,160,161,161,161,161,163,162,162,162,162,162,162,170,165,163,161,162,170,160,162,160,161,161,162,160,162,162,162,171,161,161,162,166,161,162,163,162,161,173,162,163,166,162,161,162,162,162,162,163,162,163,162,162,160,162,163,162,163,163,162,162,161,162,161,162,162,168,175,163,162,162,162,161,162,161,160,160,161,162,205,166,185,220,235,257,163,162,162,161,162,163,162,162,161,172,162,167,162,169,173,162,162,162,162,162,163,165,162,162,162,171,163,165,161,168,161,162,161,162,160,162,161,168,161,161,161,161,161,167,161,160,161,161,161,162,162,162,164,164,163,163,162,164,162,162,163,162,163,165,161,162,162,162,167,163,163,172,162,163,163,162,165,163,162,165,162,162,162,162,162,161,162,164,161,162,162,162,178,162,169,162,162,162,162,163,161,163,162,162,162,161,162,163,161,162,162,162,162,161,162,160,161,170,169,161,166,161,165,174,165,161,167,162,162,162,162,166,163,166,161,167,166,166,166,166,162,161,160,161,162,160,160,172,161,162,167,161,160,161,184,162,161,176,160,171,161,161,161,160,161,160,162,176,162,167,161,161,162,178,162,161,161,162,171,162,162,171,161,164,162,162,162,170,164,166,161,161,173,162,166,161,164,165,166,164,161,162,163,161,162,161,162,172,164,163,165,163,167,175,162,163,162,163,162,163,165,171,160,160,167,162,162,161,160,160,161,161,163,166,161,162,161,161,161,161,161,160,161,163,167,167,162,162,161,160,170,161,160,161,161,170,162,161,161,161,170,170,167,169,162,162,162,163,168,162,163,161,169,161,169,168,171,163,163,163,176,162,162,163,164,161,278,199,161,242,269

Ping statistics for 5.39.10.93:
    Packets: Sent = 600, Received = 599, Lost = 1 (0% loss)

Approximate round trip times in milli-seconds:
    Minimum = 160ms, Maximum = 291ms, Average = 164ms
Sun 02-14-2016@23-54-01.13
