Sun 02-14-2016@23-54-01.13 

Pinging www.sapporo-u.ac.jp [125.6.142.181] with 32 bytes of data:
120,125,120,120,132,125,120,121,146,124,125,127,125,125,120,120,121,123,120,120,119,119,119,128,119,119,119,120,120,119,120,120,119,121,119,121,120,130,119,120,124,120,146,139,122,126,120,127,119,126,126,129,126,131,126,126,124,124,119,120,120,120,120,121,125,122,120,120,120,119,126,120,119,129,120,119,128,123,120,120,127,119,124,121,120,120,120,119,120,125,122,131,120,120,120,120,120,120,120,120,120,130,120,120,119,120,120,121,120,119,120,128,119,119,120,120,120,120,120,122,136,122,120,124,120,125,125,131,120,130,126,130,126,127,125,120,126,123,122,121,130,132,119,127,121,126,125,126,125,126,136,125,121,122,121,119,120,122,124,131,131,125,130,130,124,122,124,132,127,125,124,122,123,119,119,120,128,120,120,120,123,120,120,122,124,120,120,119,121,122,122,120,120,120,119,122,120,120,119,121,119,119,122,121,122,121,120,121,120,120,119,122,121,122,121,122,122,120,129,120,120,120,122,121,121,121,119,119,122,121,120,120,122,130,121,121,120,121,120,120,130,120,120,119,120,121,120,121,120,120,121,120,120,121,120,122,120,120,122,121,121,119,122,121,120,121,120,120,120,120,121,121,120,120,128,125,125,124,125,125,126,121,120,120,125,125,125,120,125,125,125,125,130,131,125,120,125,131,121,120,120,119,145,322,146,161,183,207,120,122,120,120,121,121,122,122,128,121,121,120,123,121,121,121,121,122,123,121,122,121,131,122,122,122,131,122,121,121,121,122,121,120,123,121,121,120,122,121,121,121,139,122,133,120,121,122,121,131,120,128,121,121,120,121,126,123,121,120,142,165,127,203,120,129,137,197,127,141,165,187,121,142,119,120,206,131,152,170,192,120,137,159,122,119,127,149,120,197,121,141,161,185,120,121,162,184,203,130,127,121,200,122,119,120,184,120,138,175,196,120,141,163,122,122,127,151,174,197,215,119,160,120,204,125,144,164,188,211,134,156,177,201,188,145,168,188,211,120,153,185,209,128,152,126,120,119,120,120,120,122,121,122,136,142,121,121,119,121,119,136,120,120,121,151,119,120,120,120,120,136,120,121,120,121,120,120,121,120,120,122,129,120,133,120,121,121,119,120,120,121,121,121,121,121,120,122,121,124,172,121,121,120,156,139,202,123,147,168,190,214,134,122,188,210,122,122,123,120,122,129,122,121,127,121,122,123,122,122,121,121,123,122,122,121,125,124,122,121,122,122,120,121,130,126,121,122,193,188,219,155,179,200,122,153,123,190,213,133,153,188,207,126,121,119,197,222,142,166,172,121,133,155,163,184,121,128,150,141,141,216,137,161,184,219,154,170,208,127,149

Ping statistics for 125.6.142.181:
    Packets: Sent = 600, Received = 599, Lost = 1 (0% loss)

Approximate round trip times in milli-seconds:
    Minimum = 119ms, Maximum = 322ms, Average = 131ms
Sun 02-14-2016@23-54-01.13
