Sun 02-14-2016@23-54-01.13 

Pinging stanford.edu [171.67.215.200] with 32 bytes of data:
16,21,291,23,22,19,22,26,18,22,21,17,21,21,16,23,21,22,22,24,23,27,23,21,21,21,21,16,22,22,17,24,17,22,24,21,28,21,21,21,17,16,18,20,18,16,17,17,19,17,22,21,20,19,19,21,20,18,17,21,17,17,17,37,18,18,17,24,17,20,17,24,23,23,18,26,17,17,17,23,17,21,24,37,18,17,25,30,25,17,16,28,16,17,18,17,21,18,19,20,18,21,27,22,21,23,21,22,22,31,16,16,23,22,21,20,16,22,16,22,18,15,17,16,16,16,16,18,17,20,41,17,16,16,18,16,17,18,16,16,20,23,21,17,21,17,16,17,17,17,37,15,22,22,22,16,16,17,16,16,17,16,16,15,31,23,16,16,16,16,18,18,17,16,16,17,17,16,17,17,16,16,20,21,17,17,16,16,22,16,16,17,22,25,18,17,16,17,26,17,16,17,19,15,16,17,16,15,16,21,16,23,16,37,17,16,17,17,17,16,17,25,16,16,17,16,24,23,16,18,16,16,16,16,19,18,18,16,25,16,17,16,17,16,16,26,18,17,17,17,18,24,17,18,18,18,18,18,18,19,17,22,22,22,22,22,22,22,22,26,24,26,22,24,22,22,21,26,22,19,19,19,19,18,22,23,22,17,19,22,21,18,20,20,19,17,17,22,17,29,22,25,264,95,123,18,24,19,22,18,17,23,22,17,22,18,17,29,17,22,22,37,22,22,22,22,18,25,25,23,31,17,18,23,22,17,16,21,16,16,16,18,16,17,16,17,15,16,17,16,16,26,17,16,16,23,16,17,16,16,25,16,16,16,16,16,17,17,17,17,27,17,16,17,17,17,19,18,18,18,17,16,17,17,16,17,16,16,18,18,16,15,26,16,16,16,17,16,17,16,16,26,28,18,17,31,18,18,24,32,17,17,16,18,18,35,18,16,18,17,16,17,17,16,17,16,17,18,20,19,18,18,18,17,17,16,17,17,18,17,19,16,16,17,17,16,17,17,16,16,16,16,24,16,27,25,25,17,16,16,16,16,38,16,16,17,16,17,17,16,17,25,17,16,17,16,16,18,16,16,35,16,17,23,16,16,16,17,16,17,17,18,17,16,17,16,15,16,16,16,16,16,17,16,16,19,26,16,16,16,17,18,17,16,16,18,18,18,19,17,17,18,16,17,17,37,19,25,15,17,17,17,18,24,26,20,17,18,17,18,35,18,17,18,18,17,17,18,18,18,18,17,17,18,26,17,17,17,17,18,17,18,22,17,17,16,26,18,18,17,18,17,19,18,18,22,22,22,25,22,22,22,284,22,21,21,22,21,21,21,17,26,23,17,24,17,17,16,25,23

Ping statistics for 171.67.215.200:
    Packets: Sent = 600, Received = 600, Lost = 0 (0% loss)

Approximate round trip times in milli-seconds:
    Minimum = 15ms, Maximum = 291ms, Average = 20ms
Sun 02-14-2016@23-54-01.13
