Sun 02-14-2016@23-54-01.13 

Pinging www.uni-stuttgart.de.edu [185.27.255.9] with 32 bytes of data:
179,180,228,188,180,181,181,181,187,180,180,180,180,180,179,180,179,184,179,179,179,180,179,179,179,179,180,180,179,179,180,180,180,179,179,179,179,180,179,179,178,179,180,179,179,181,216,179,185,181,181,183,181,196,181,179,180,180,179,180,179,180,179,179,179,179,184,185,185,184,179,179,179,180,179,181,179,185,179,179,180,179,179,179,179,179,179,180,184,183,184,180,179,185,180,184,180,180,188,188,180,179,179,179,180,180,181,181,180,187,180,179,179,180,181,185,182,182,189,182,180,180,183,192,185,180,179,179,186,179,179,181,181,181,180,186,180,186,183,180,179,190,180,181,181,182,179,180,181,187,181,179,180,180,182,185,185,182,182,181,182,181,181,186,187,181,181,187,179,179,179,187,181,181,179,181,179,179,179,179,178,178,179,179,181,181,188,179,179,180,179,179,180,186,182,180,179,182,181,182,181,181,179,185,180,186,179,180,178,179,178,181,179,183,184,179,179,180,188,179,181,179,179,179,182,187,186,179,181,181,181,180,181,180,179,179,180,181,178,186,180,180,185,185,180,179,179,189,179,179,179,180,185,186,179,179,181,181,183,180,188,178,179,183,179,179,181,179,181,180,179,179,179,179,180,180,180,189,180,179,179,178,179,179,180,179,179,180,180,179,198,181,182,179,180,179,179,180,179,196,180,185,267,229,248,282,298,320,181,179,179,182,188,179,178,179,186,188,180,180,180,178,182,180,180,180,179,178,178,179,179,179,179,192,179,178,179,179,178,181,181,180,181,180,179,179,178,179,179,179,187,182,180,179,179,179,179,179,179,179,180,179,180,180,179,179,180,179,179,179,180,180,190,179,179,179,178,196,179,179,180,180,180,182,181,179,180,181,180,179,179,188,179,179,180,180,180,180,184,188,188,185,179,180,181,180,180,185,179,180,181,179,179,180,180,179,179,189,180,181,179,179,179,180,180,184,179,179,188,179,181,182,181,182,179,179,180,178,179,179,182,181,180,181,179,179,180,179,179,179,179,180,179,180,187,179,181,187,180,182,181,181,193,197,187,180,179,181,179,178,181,181,181,180,180,179,180,181,180,179,180,203,179,179,179,179,179,180,180,179,182,180,179,180,182,180,181,180,179,179,181,180,179,180,180,180,181,182,179,179,179,180,180,179,179,180,181,193,195,179,180,180,179,187,181,180,183,180,180,180,181,180,180,188,180,180,181,181,185,187,180,180,181,181,190,179,182,181,181,180,181,180,185,183,181,188,181,180,180,180,180,180,178,180,179,178,179,180,187,180,179,186,179,180,179,186,181,180,181,182,220,183,181,180,180,181,180,179,180,179,181,180,180,188,179,180,180,179,180,215

Ping statistics for 185.27.255.9:
    Packets: Sent = 600, Received = 600, Lost = 0 (0% loss)

Approximate round trip times in milli-seconds:
    Minimum = 178ms, Maximum = 320ms, Average = 182ms
Sun 02-14-2016@23-54-01.13
