Sun 02-14-2016@22-19-27.27 

Pinging www.uni-stuttgart.de.edu [185.27.255.9] with 32 bytes of data:
181,180,180,181,181,182,182,182,192,181,190,182,182,181,181,180,182,180,181,180,189,180,183,181,182,180,180,180,179,181,181,181,181,180,198,181,181,181,183,182,181,188,187,181,181,210,181,194,186,202,181,180,180,180,181,190,192,179,188,179,179,183,180,179,182,189,185,180,186,179,181,179,179,190,180,180,188,179,179,186,184,185,180,194,184,185,225,180,198,181,190,185,201,192,185,184,181,187,187,186,185,193,186,185,181,187,186,188,201,187,187,206,201,186,188,186,186,207,191,189,189,195,190,199,191,187,187,188,186,187,188,184,185,189,187,186,184,187,193,189,188,190,189,194,190,190,187,184,184,189,195,191,192,193,191,194,194,184,184,185,188,180,181,179,185,185,180,189,193,188,192,189,183,188,188,188,191,187,188,189,188,193,186,186,188,189,188,184,187,183,186,202,201,189,187,186,188,189,186,185,186,187,187,187,187,187,188,185,186,187,185,189,180,179,186,179,180,186,188,189,179,181,181,179,179,181,179,185,183,178,180,183,180,182,181,186,199,181,180,178,186,182,185,189,187,192,184,184,190,185,189,184,184,184,188,184,190,190,188,190,190,189,187,187,187,186,180,182,182,181,181,179,181,186,182,182,193,189,185,184,183,185,186,183,186,184,187,188,185,191,184,188,192,188,205,190,198,179,185,185,180,180,185,189,185,184,185,188,187,187,180,179,185,184,184,194,185,193,183,183,183,182,180,196,180,185,184,182,182,183,179,197,181,179,181,192,179,179,180,187,179,185,181,179,182,197,182,183,182,183,189,180,180,179,179,187,179,186,179,188,215,183,180,180,180,180,179,179,180,179,179,180,182,182,179,180,179,179,182,179,179,183,178,180,179,188,249,186,179,180,178,183,179,182,181,181,181,179,182,191,179,180,183,179,183,180,179,185,183,182,181,181,179,193,185,183,181,183,181,180,179,185,196,180,181,178,181,179,180,192,180,187,182,198,178,181,179,179,179,179,178,183,180,192,179,179,183,188,180,180,183,180,182,179,181,179,194,179,196,179,180,181,182,180,181,179,192,182,181,182,183,181,182,181,180,182,179,192,180,178,183,185,181,181,187,182,182,191,180,189,180,179,182,187,178,188,180,182,183,179,194,179,182,179,181,188,245,180,179,180,179,180,179,179,179,179,180,181,187,181,179,191,180,199,326,311,183,178,180,210,179,183,181,178,181,187,180,181,180,182,179,179,209,180,183,192,192,183,179,179,184,190,179,181,179,181,178,181,182,181,191,181,180,181,180,187,179,179,188,178,179,195,181,198,179,179,195,180,183,181,180,185,181,181,181,179,187,179,184,180,181,179,180,181,179,180,179,180,196

Ping statistics for 185.27.255.9:
    Packets: Sent = 600, Received = 599, Lost = 1 (0% loss)

Approximate round trip times in milli-seconds:
    Minimum = 178ms, Maximum = 326ms, Average = 185ms
Sun 02-14-2016@22-19-27.27
