Mon 02-15-2016@18-05-20.83 

Pinging ssel.caltech.edu [131.215.22.147] with 32 bytes of data:
14,13,13,15,13,14,14,14,14,13,14,14,14,14,14,14,14,14,15,14,14,14,14,14,14,14,14,14,14,14,15,14,14,78,14,14,14,14,14,14,14,14,14,14,14,14,14,14,14,15,14,14,15,14,14,14,14,14,30,14,14,14,14,14,14,14,14,14,14,14,14,14,16,14,14,14,14,14,14,14,21,14,14,14,14,14,14,14,14,14,14,13,14,14,14,14,14,14,14,14,14,14,14,14,14,14,14,13,14,14,14,14,14,14,14,14,16,14,14,14,57,14,14,14,13,14,14,14,14,14,14,15,14,14,14,14,14,14,14,14,14,14,14,14,14,14,14,14,14,14,14,15,14,14,14,14,14,14,14,14,14,14,14,14,14,14,14,14,14,14,14,14,14,14,14,14,14,14,14,14,14,14,14,14,14,14,14,14,14,14,14,14,14,14,14,14,13,14,14,14,14,14,14,14,14,15,14,14,14,14,14,14,14,14,14,14,14,14,14,14,14,14,14,14,14,14,14,14,14,14,14,14,14,14,14,14,14,14,14,14,14,14,14,14,14,14,14,14,14,14,14,13,14,14,14,75,14,14,14,14,14,14,14,14,14,14,14,15,14,14,14,14,14,14,14,14,14,14,14,14,14,14,14,14,14,14,14,14,14,14,14,14,14,14,14,14,14,14,14,14,14,14,14,14,14,14,14,14,14,14,14,14,14,14,14,14,14,14,14,16,14,14,14,14,14,14,14,14,14,14,14,14,14,14,14,14,14,14,14,14,14,14,14,14,14,14,14,14,14,14,14,14,14,14,14,14,14,14,14,14,14,14,13,14,14,14,14,14,14,14,14,14,14,14,14,14,14,14,14,14,14,14,14,13,14,14,14,14,14,14,14,14,14,14,14,14,14,14,14,14,14,14,14,14,14,14,14,14,14,14,14,14,14,14,14,14,14,14,14,14,14,14,14,14,14,14,15,14,14,14,14,14,14,14,14,14,14,14,14,14,14,14,14,14,14,13,14,14,14,14,14,14,14,14,14,14,14,14,14,14,14,14,14,14,14,14,14,14,14,14,14,14,14,14,14,14,14,19,14,13,14,14,14,99,14,14,14,14,14,14,14,14,14,14,14,14,14,14,14,14,13,14,14,14,14,14,14,13,14,14,14,14,14,14,14,14,14,14,14,14,14,14,14,14,14,14,14,14,14,14,14,14,14,14,14,14,14,14,14,14,14,14,14,14,14,14,14,14,35,243,137,54,14,14,13,14,14,14,14,14,14,14,14,14,14,14,14,14,14,14,14,14,14,14,14,14,14,14,14,14,15,14,15,14,14,14,14,14,14,14,15,14,14,14,14,14,14,14,14

Ping statistics for 131.215.22.147:
    Packets: Sent = 600, Received = 599, Lost = 1 (0% loss)

Approximate round trip times in milli-seconds:
    Minimum = 13ms, Maximum = 243ms, Average = 15ms
Mon 02-15-2016@18-05-20.83
