Mon 02-15-2016@18-05-20.83 

Pinging www.fujita-hu.ac.jp [202.236.168.58] with 32 bytes of data:
121,122,121,121,122,122,121,121,122,121,121,121,121,121,121,121,121,121,121,121,121,121,121,121,121,121,121,121,122,121,121,121,121,121,121,122,122,122,121,121,121,121,121,121,121,121,121,121,121,121,121,121,121,121,121,121,122,121,121,121,121,121,121,121,121,121,122,121,121,121,121,122,121,122,122,122,122,121,121,121,121,121,122,121,121,121,121,122,121,121,121,121,121,122,121,122,122,121,121,121,121,121,121,121,121,123,121,122,122,121,121,121,122,121,121,121,121,122,121,121,122,121,121,122,122,121,121,121,121,121,121,121,121,122,121,121,122,121,121,123,122,121,121,121,121,121,122,121,121,121,121,121,121,121,122,122,123,121,122,121,121,122,121,122,122,122,122,121,127,122,121,121,121,121,121,121,121,122,122,122,122,122,121,121,121,122,122,122,122,122,122,122,122,122,122,121,121,121,121,121,122,121,121,122,121,121,122,122,122,121,142,143,143,143,128,127,122,128,122,121,121,122,122,121,121,121,121,122,121,122,121,121,121,122,121,122,121,121,121,121,122,121,121,121,121,121,121,122,121,121,121,121,121,121,152,121,122,121,121,121,121,121,121,121,122,122,122,121,121,121,121,121,121,121,121,122,121,121,121,122,121,122,121,121,122,122,121,121,121,121,121,121,121,143,167,191,121,133,155,178,202,121,121,122,122,121,121,122,122,121,121,122,121,121,121,121,121,121,121,122,121,121,121,121,122,121,121,121,121,121,121,122,121,121,122,123,121,121,121,121,121,122,121,121,123,121,121,121,225,121,121,121,121,121,121,121,121,121,121,121,121,121,121,122,121,121,121,121,121,121,121,122,121,121,121,121,121,122,121,121,121,121,121,121,121,122,121,121,121,121,121,121,121,121,121,121,121,122,121,121,121,121,122,121,121,121,121,121,121,122,122,121,121,121,121,121,121,121,121,121,121,122,121,121,121,122,122,122,121,122,121,121,121,121,121,121,121,121,122,121,121,121,121,121,121,121,121,121,121,121,121,121,121,121,122,121,121,122,121,121,121,121,121,121,198,121,122,121,121,121,121,122,122,121,122,124,121,121,121,121,121,160,122,122,122,121,121,122,123,122,121,122,121,122,121,121,121,121,122,121,122,121,121,121,121,121,121,122,121,122,122,122,122,122,122,122,121,121,121,122,124,121,121,122,122,122,121,125,126,126,126,126,126,125,126,125,126,125,125,126,122,121,122,121,121,122,318,423,480,396,134,121,121,121,126,125,126,125,125,126,125,126,127,125,125,126,126,125,126,122,126,121,125,126,126,125,126,127,126,126,126,121,126,121,121,121,121,121,121,122,122,122,122,121,121,127,177,197,122

Ping statistics for 202.236.168.58:
    Packets: Sent = 600, Received = 599, Lost = 1 (0% loss)

Approximate round trip times in milli-seconds:
    Minimum = 121ms, Maximum = 480ms, Average = 124ms
Mon 02-15-2016@18-05-20.83
