Mon 02-15-2016@18-05-20.83 

Pinging www.uni-hamburg.de.edu [185.27.255.9] with 32 bytes of data:
206,229,177,178,200,221,245,177,179,178,178,178,178,199,178,246,267,287,208,232,256,279,200,178,219,281,189,210,335,256,278,197,178,256,277,197,217,253,283,306,228,178,279,199,221,245,268,190,213,177,178,178,196,220,243,265,187,211,232,204,187,212,236,255,279,212,232,255,205,196,178,239,260,285,211,178,260,178,207,188,254,278,199,223,244,267,187,178,234,257,279,196,214,236,178,266,295,206,228,249,177,200,177,251,178,177,178,219,177,178,188,188,188,178,178,177,177,178,178,195,177,178,177,177,178,177,177,178,177,178,178,177,178,178,178,265,186,312,245,178,178,203,226,250,273,192,215,341,276,197,220,342,263,184,208,230,253,271,192,216,253,276,300,221,245,237,188,212,233,270,190,213,235,256,178,298,219,241,265,184,178,232,268,189,178,236,260,178,199,178,243,265,200,224,247,271,192,216,238,178,282,203,178,250,274,193,217,343,178,280,196,220,203,267,186,195,218,242,263,197,220,241,261,285,206,230,253,275,196,218,235,270,192,215,239,262,284,197,221,243,265,286,208,227,178,275,196,178,241,219,185,208,228,252,269,187,211,178,219,178,178,223,178,260,283,202,210,232,254,277,197,220,242,266,187,224,247,271,189,208,231,255,277,198,220,242,266,197,220,178,250,235,203,227,235,219,194,203,178,204,204,204,178,188,178,188,188,178,188,184,188,188,188,178,178,178,178,177,178,178,178,190,178,178,178,178,178,178,186,194,218,241,264,178,191,213,237,177,285,205,229,178,183,207,228,178,178,192,215,237,178,180,200,221,178,269,190,213,237,177,178,200,223,177,178,186,194,177,178,178,183,218,178,271,303,214,235,259,180,198,220,177,177,179,200,223,178,177,191,177,178,177,180,204,177,178,178,177,177,177,178,178,177,178,177,177,177,178,177,250,178,178,178,178,177,187,178,177,177,178,178,178,178,177,178,178,178,178,177,178,177,178,178,178,199,178,177,178,178,178,178,178,178,177,178,177,178,178,177,178,177,177,177,177,178,178,178,178,177,178,178,178,177,178,178,178,177,177,177,178,177,177,178,178,186,178,178,177,178,179,178,178,178,178,177,185,178,177,178,177,177,178,178,178,177,178,177,178,178,177,177,178,178,177,178,178,177,178,177,178,178,177,178,178,178,177,177,178,177,178,178,177,178,178,178,178,177,177,177,178,178,178,243,267,188,178,231,178,278,302,223,247,270,188,177,178,177,177,178,178,524,314,371,287,251,178,184,178,178,178,178,178,178,178,178,179,178,178,178,178,178,178,178,177,178,177,178,178,178,178,179,179,178,178,178,178,218,177,178,178,177,177,178,177,178,178,177,177,177,228

Ping statistics for 185.27.255.9:
    Packets: Sent = 600, Received = 600, Lost = 0 (0% loss)

Approximate round trip times in milli-seconds:
    Minimum = 177ms, Maximum = 524ms, Average = 205ms
Mon 02-15-2016@18-05-20.83
