Mon 02-15-2016@18-05-20.83 

Pinging www.imi.kiev.ua [5.39.10.93] with 32 bytes of data:
154,156,154,154,154,154,154,154,155,154,154,155,154,154,154,154,154,154,154,154,154,154,154,154,154,154,154,154,154,154,154,154,154,154,154,154,154,154,154,154,154,154,154,155,154,154,154,154,154,154,155,155,155,155,155,155,155,155,155,155,155,155,155,155,155,155,155,155,155,155,154,155,155,155,155,155,155,155,155,155,155,155,155,155,155,155,155,200,155,155,155,155,155,161,155,155,155,155,155,155,155,155,155,155,155,219,155,155,155,155,162,155,155,155,155,155,155,155,155,155,155,155,155,155,155,155,155,155,155,155,155,171,155,155,154,155,155,155,155,155,155,155,155,155,155,155,155,155,155,155,154,155,155,155,155,175,155,156,155,155,155,155,155,155,155,155,155,155,205,155,155,155,155,155,155,155,155,155,155,155,155,200,155,155,155,155,155,155,155,155,155,170,155,155,155,155,155,155,155,155,155,155,155,155,155,155,155,155,155,155,180,175,175,175,159,159,155,159,154,155,155,155,155,155,155,155,155,155,155,155,155,155,155,155,155,155,155,155,154,155,155,156,155,155,155,155,155,155,155,155,155,155,155,155,155,155,155,155,155,155,155,155,155,155,154,155,155,154,155,154,154,154,154,154,154,154,155,154,154,154,154,154,154,154,154,155,155,155,155,155,155,155,168,192,215,239,155,182,203,227,251,155,155,155,155,155,154,155,155,155,154,155,155,155,155,155,154,154,155,155,155,154,155,154,155,154,154,154,154,154,154,155,154,154,154,156,155,155,155,154,155,155,155,155,155,155,154,155,259,155,155,155,155,155,155,155,154,155,155,154,155,155,154,154,154,154,154,155,154,155,155,155,154,155,154,155,154,154,154,155,155,154,154,154,154,154,154,154,155,154,155,154,154,154,154,154,154,154,154,154,154,154,155,154,154,154,154,154,154,155,155,154,154,154,154,154,154,154,154,154,154,154,154,154,154,155,154,154,155,155,154,154,154,154,154,154,154,154,154,154,154,154,154,155,154,154,154,154,154,154,154,154,154,154,154,154,154,154,154,154,154,154,154,154,154,155,154,154,154,155,154,154,154,167,180,202,154,154,168,194,154,154,168,189,211,154,154,193,154,237,158,154,202,226,350,166,154,213,236,156,180,204,330,154,172,154,229,154,171,180,201,225,154,181,205,229,154,185,209,232,154,155,154,154,154,154,154,154,155,154,154,155,154,179,204,155,154,169,154,216,240,161,185,208,154,154,154,154,154,154,154,462,252,308,378,189,154,154,154,154,154,154,154,154,154,154,155,154,154,154,154,154,154,154,154,154,155,155,154,154,154,155,155,155,155,155,154,218,154,155,155,155,155,155,155,155,155,155,155,155

Ping statistics for 5.39.10.93:
    Packets: Sent = 600, Received = 600, Lost = 0 (0% loss)

Approximate round trip times in milli-seconds:
    Minimum = 154ms, Maximum = 462ms, Average = 160ms
Mon 02-15-2016@18-05-20.83
