Mon 02-15-2016@18-05-20.85 

Pinging www.sapporo-u.ac.jp [125.6.142.181] with 32 bytes of data:
123,123,123,123,123,123,123,123,123,123,123,123,123,123,123,123,123,123,122,123,122,123,123,123,123,123,123,123,123,123,123,123,123,123,123,123,123,122,123,123,122,123,124,123,123,123,123,123,122,123,123,123,123,123,123,123,123,123,123,123,123,123,123,123,123,123,123,123,122,123,123,123,123,123,123,124,123,123,122,123,123,123,123,123,124,123,123,169,123,123,123,123,123,130,123,123,123,123,123,123,122,123,123,123,124,203,123,123,123,123,130,123,124,123,123,123,123,123,123,123,123,123,123,123,123,123,123,124,123,123,123,139,123,123,123,123,123,123,123,124,123,124,123,124,123,123,123,123,123,123,123,123,124,123,123,159,123,123,123,123,123,123,123,123,123,123,124,123,174,123,123,123,123,123,123,123,123,123,123,123,123,153,123,123,123,123,129,123,123,123,123,123,123,123,123,123,124,123,123,122,122,123,123,123,123,123,123,123,123,123,148,143,144,143,128,128,122,128,123,123,123,123,123,123,123,123,123,122,123,123,123,122,123,123,123,123,123,123,123,123,123,123,123,123,123,123,123,123,123,123,123,123,123,123,200,122,123,123,123,123,123,123,123,123,123,123,123,123,123,123,123,123,123,123,123,123,123,123,123,124,123,123,123,123,123,123,123,123,123,123,123,123,137,160,184,208,123,151,172,196,219,122,123,123,123,122,123,123,123,123,123,123,123,123,123,123,123,123,123,123,123,123,123,123,123,123,123,123,123,123,123,123,123,123,123,123,123,122,123,122,123,123,123,123,123,123,123,123,258,123,123,123,123,123,123,123,123,123,123,123,123,123,124,123,123,123,123,123,123,123,123,124,122,123,123,123,123,123,123,123,123,123,123,122,123,123,123,123,123,123,123,123,123,123,123,123,123,123,123,123,123,123,123,122,123,123,123,123,123,123,124,123,123,123,123,123,123,123,123,123,122,123,123,123,123,123,123,123,123,128,123,123,123,123,123,123,123,123,123,122,123,123,123,160,123,123,123,123,123,123,123,123,123,123,123,123,122,123,123,123,122,123,123,123,123,123,123,123,123,123,123,123,123,166,180,202,123,145,168,193,123,130,152,174,195,123,126,175,125,222,143,123,186,210,334,150,123,198,220,141,164,188,314,123,156,123,213,132,156,180,201,225,144,166,189,213,132,154,177,201,123,123,123,123,123,123,123,123,122,123,123,123,123,179,204,125,123,169,123,216,240,161,184,208,125,123,123,123,123,123,123,461,252,308,370,189,123,135,123,123,123,123,123,123,123,123,123,123,123,123,123,123,123,123,123,123,123,123,123,123,123,124,123,124,123,123,123,123,122,123,123,123,123,123,123,123,123,123,123,123

Ping statistics for 125.6.142.181:
    Packets: Sent = 600, Received = 600, Lost = 0 (0% loss)

Approximate round trip times in milli-seconds:
    Minimum = 122ms, Maximum = 461ms, Average = 131ms
Mon 02-15-2016@18-05-20.85
