Mon 02-15-2016@18-05-20.85 

Pinging stanford.edu [171.67.215.200] with 32 bytes of data:
5,5,5,6,6,6,6,6,6,6,6,6,6,6,6,6,6,6,6,6,5,5,6,7,5,5,5,6,6,5,6,5,6,8,6,6,6,6,5,6,6,6,5,21,5,6,6,5,6,6,6,6,6,6,6,5,5,6,6,6,5,5,5,5,6,5,5,5,6,5,6,5,5,5,5,6,5,6,6,5,5,6,5,5,6,6,6,69,6,6,5,6,5,8,5,6,5,6,6,5,5,5,6,6,5,54,6,6,5,5,6,5,6,6,5,9,6,6,5,5,6,5,5,5,6,6,5,5,6,5,5,6,6,6,5,6,6,6,5,6,6,5,8,6,6,6,5,5,6,6,5,5,5,5,5,5,6,6,6,5,5,5,6,5,5,5,6,6,6,6,6,6,5,8,6,7,7,7,6,6,7,6,6,6,5,6,6,5,5,6,5,5,6,5,5,5,6,6,6,6,6,5,5,6,6,6,5,6,6,6,6,6,88,6,6,6,6,6,6,6,6,6,6,6,6,6,6,6,6,6,6,6,6,6,6,7,5,6,6,6,6,6,6,6,6,6,6,6,9,6,6,6,6,6,6,6,5,6,6,6,6,6,6,6,6,6,11,6,6,6,6,6,6,6,6,6,6,6,6,6,6,5,7,6,6,6,6,6,6,5,6,6,6,6,6,6,6,10,6,6,6,6,6,6,6,6,6,5,83,6,6,6,6,7,6,35,6,6,6,6,6,6,6,6,6,6,6,6,6,6,6,6,6,6,44,6,6,6,6,6,6,6,6,6,6,6,5,6,6,6,7,6,6,7,6,6,6,6,6,6,6,7,9,6,7,8,6,6,9,5,6,6,6,6,6,5,5,5,6,5,5,6,5,7,6,6,6,6,6,6,6,6,6,6,72,6,6,6,6,6,6,6,6,6,6,6,6,6,6,6,6,6,6,6,6,6,6,62,6,6,5,6,6,6,6,6,6,6,6,6,6,6,6,6,6,6,6,6,6,6,6,6,6,6,6,6,6,6,6,6,6,6,6,6,6,6,6,6,6,6,6,6,6,6,6,6,6,6,6,6,6,6,7,6,6,6,6,6,6,8,6,6,6,6,6,6,6,6,6,6,8,8,6,6,6,6,6,6,6,6,6,6,6,6,6,6,6,6,6,6,6,6,6,6,6,6,5,6,6,6,6,5,5,6,5,6,6,6,6,6,6,6,5,5,6,5,5,6,6,6,6,6,6,5,5,6,6,6,6,5,31,30,218,195,6,6,6,6,5,6,6,6,6,5,5,6,6,9,8,8,6,6,5,6,6,6,7,7,6,6,5,7,6,6,6,6,6,6,6,7,5,6,6,6,5,6,6,6,5,5

Ping statistics for 171.67.215.200:
    Packets: Sent = 600, Received = 600, Lost = 0 (0% loss)

Approximate round trip times in milli-seconds:
    Minimum = 5ms, Maximum = 218ms, Average = 7ms
Mon 02-15-2016@18-05-20.85
